$ANSIBLE_VAULT;1.1;AES256
30383836353765393938373834646230616166313965656162386165333531376463643430336361
3064363937376531343037373631366666666431323238640a616365383931356664656662326566
33303038343538346531653964363833363263663633653138313761666133366464623762346137
3161636131313234340a346236613164656437303961663866653435643630346431323537616238
63373664636236303238323233643335383761343030663938666635656239636565343762663235
37643063383731393430303635393661663233356331306632363264313661366463393235353637
33343865646435643332303938343834623064366336316464613839353838333337643534613461
30363566663337636136336666336631353133313430656261613462633433373934333038366564
30626563656232633965626339323531393462313137346334636134633139366236336665636236
65343435316466616439336265613963643738366563336565646362306339376564316435313766
33646635356464336464326663343131386632636239633065306339313665323263393038316463
31363832373735666139373761306362323131646336353833383735653937336234313562313666
39323333383336336261646234386566353866396565663633633839346336646237623463393730
32626131363764386637373831316433613732363139653439613764656231616163306139323763
37623634626164353966616164306564653339323666613031663732633437333037316363663035
38623462346461666132306164373732376136323735346162386364616666393537353063646163
63646338636632313831663432613838633537353132313534396566616539373934376434326662
36376566356437396563313231626135333134356166313862646631316132363536303035386636
62613130623737396434386466366636646461636662306331323532626130666561633834303535
35336137303965306661653131323130333165656532663035633233656232396634623466393363
6133
