$ANSIBLE_VAULT;1.1;AES256
62393561613335623835353035373766366463376133363266396466646432363963383630643837
6638306362636237656332366439323036646335636634360a633863643562643338613239343136
33653937623166393634663837346561663065333165663361343935313965386230306636623064
6332366431646530390a316164356534303966656232346663353761336261323032393264663431
30633965396636356430616230393834306663393537356233613934373932376338356437653435
30333566626634346535323064363236383730623766356233363961336565653537376234366233
37383361633438336232383638666537656561386666353638366163353266383333306433356266
38373661666363633666386630306162623533303466313662383064666434336530633161613066
34343461376438623637666539376266333933363732336434323033313861376632353636303039
39353863393332376434313432316437343563373862653166376438333331303535356564393666
31333763363361373131313030306334393966646138356134393063336539633933383263313332
66643139336364613233313436373366353432383639663863316435323862363232663035373435
30313230346133313362383333623730613731336565336431336664373835333364626133366663
63353838323766396232376635653963616334353761346533613535343763303565653235643438
33386263616539306237373236303137656231666461663862326135363264643538343664666264
39316337636437663462346630626566313366333363633136313530633565663037313763616261
34366432613863666561346137323762643337316362623165383939383638616538633663386136
32363665343235323039306430613235376566613366383136336235666565393462383564633563
65626633653633333061393831616563656235376661303564336332353562353334393839653264
37353935326631316431643436653138666532333332323030643932343666356435383563313566
3961
