$ANSIBLE_VAULT;1.1;AES256
66663163396464313934363565383131326262323465303166333961633534323038383464373561
3234656366333137383132336139373833393966366136640a643836386137353265336530666563
62363535366138343064396661303963356634333135626432326635623565303632343863303762
6134663732643263620a616639303662313662623130616365356164363061353938333962333433
33346134653834356164623635653566623533343965346537393462636131663738663335353831
31323662353734653539316166623664393561363633386332373963643532646664303137643636
33346161376439393430326433353136383638616330656336333764646364643531363230323061
64326262316537356264333930383039623130373339346363663363363837636564386134323464
61656163396130623963613539356236396264373037636331303330323734663439326361663237
38323763643937363936336266663230373765303964366463316163323539396233623434646635
63653032343937393433373066333034336233323737346335393031376636393662363364363839
62326634353632353738353132306335313035613833616335343135643835653439303334393035
39373639363739626164306232633233313339316338313133343731356332616262313962653835
31393430613732393138333930376630353931643031396431366164633131376335326236633339
38306665393931616664393139633135376431643133383935386634326661316662646232313163
36653739353738333865346231326630653235646636613165626266363239613838333766396564
62313032633364626337633736396431353261613563616230383532656134656665393836383333
37393937396164336231303532316566666161343436643462653932616465396131353566313831
66663637323266623438383735633532353435346162323061666537343062643761666233663337
36353334316434613738623031646565616432663065383633396466616237396366306635306466
30333937313931386235323564633134363334346461303733376566346632363539
