$ANSIBLE_VAULT;1.1;AES256
63643030396264393664316362643466623265623365646463326631643832376563636638316366
6637376336656336386666346366363039393562613937650a646366356138633731383638386533
64653834633334646437626437366234386631393631623839623439383736343564376131303636
3538393066646134330a353432306665643338656131636164656135326263313332316662323938
38343334366366646336666439356334393336343864643537373238363263666435623063326431
64613663383239613630666139346534386563643731393334646631373765663538633038653364
61346431663732386162623933393365303231393233633131346239313935373436646563613131
32616335663239643733386164373133623436653663393966646238666232623231666663663633
63393763323830616136653535643035376666393434336136376137396432636566646235663765
64313564356531356364646531396631303966636161363966393337623232626261343136616265
62303437363638316539383836333665636562383338366163323061633139623961346462353338
33636231346664366262396437316335653731363064333066336633323032653735623739323666
31393965656538633261333565323539393366316339616263373536626133383965656264313134
35363262366637323835303962363230386366623236323565623162636531393635333666306566
39613537653634353866626464316434396161643238306666376538323736366533303337396265
39616436656137303064663739376435666639313736353062633838373335633765663638366139
61373262303162363630313566663531316261306531333631363738396663373934626563373330
33656438323562613664643766363862623838383333333665343636333435363464313038393838
64363536383139623461363034363135316561326531396131313838353066373133343438346330
61623962623862353633336632386465333438326537346336623837663338656635313733393032
61613330613736346639353864323433343062346538663635613462323436636165
