$ANSIBLE_VAULT;1.1;AES256
38316139353639323431326363393663646238363235306564633865313032366166376338616362
3231366332373230653762393331376362333365333832310a336139653339643439656233356432
66383862333030316261346139346130343463626439363639623366633130666332636634343039
3866366339323531370a616232326463636131616239646165636238323735353736626233633862
33663632613066303730393831636162663933636265643761643139373132323634613562356437
62666664303264643163383735633964363230363865616661386539363231323035303861393164
32333631383533363263326664353265343064663731623539363232326230396463323831353037
38333336613865323161643930646535623861633430383039323030323963316236346564326362
66393530623839356139656632396337636237646339323832613364346362353966393261346662
38633930613334383738353433613934366165643234353461336437343031396434653265336665
61623733323431663835356363663864613838323964343632356265346336633336636239303332
34616533613362383633383339653665343030656239393131396161663261373765613762363063
39363964343135663262653262373234326634616635626664323332356166316633663734306138
37643865353534303330633137326363376531363765653930643236323664633038336237336139
34666162363131363464323830623838353539643162336534363465303139633837356632326332
66623339386137653662323162666262303939366432353830356534623936393062646331306338
64623166346134363663316635343134386430306435323133376338626666323131613033353335
37343863373865613434613865383738373561616538383466646161376462613466643036373262
37376237333332623838623762646333336433663034626466396430393761353535663537333537
39366639663366393330313666323539316465356538366631643332313130646339643062613934
38613261373664316265323634373662336333313039376165393834633731336462376638613435
31616664363665623931653335623662656437306666663562623066353736313263343330303137
66373232353035373265333236616630316632316135376335343166633637656131656430613933
63663162313262363366373932353364353039393330323137343235643330613039343164336337
38326334623038306535373134666336663063393938656230323035626232356438646462623137
32393437326636336561643330613237383439656365663565383632353965666237373037333932
64373564613332333664643564333032393963323362646433386230623263663635623565373436
39313664663161626430323232653364646137653437386465353863396631393830346331363931
31363935666435656162613835626539656631363061646135356332356233643231
