$ANSIBLE_VAULT;1.1;AES256
64616635303163643266623939363566306565353863383362643330376136656539326332306562
3731396537353333353130366366343032363333616330610a383636663732376134663837383565
64373566306630626435623332363337363964333863346463666262386334306636346638353637
3534636434343436640a383735303966376362383563346162386431653862613861333562353239
65666239376436623036646364303133333362656436646331633231616534373036623733633066
63333638396630663534303431373138633334623463346136393261366537333233626233386232
37333861363839393030656335636537633733366330633837303335616364353964313038316463
30363330656361343236326235303331323232383837393232343534313965343833373731626637
32393864623564373462366231353331346638666630613961643635306332613863386333646133
30653664366636663739356166323666646637613933613766653364366239373737393661316638
36363636363237613030303034663761656430363161616131353233663839356637633661633336
30303162373465306135363734663438313534333139313433363666313334623562623333656461
66653436383031303436333764656565363235333336353838326634656337626438333636313634
31303734636137316336396435646337343335643265623564393836663830626165306432316235
34633530346434363963646366626638303162636262313234663762343264333836313361633338
62303337366634656631633030333733393261326261653933353564383836333864303262613139
36373739323165323237386166663739373063663765353431303831633362346633663534636165
31656261643836633463386561326263323830643932653634663463613432646630363532306466
63343039356565633661376265663935353466396533663161666461333764663732316332623261
33363363633961363765376462633236363862343061646434306466303138326566646561613862
39363032373265316338666439666537346638666330396163313264383964623466363461373632
31383631396336396136306135666439303766313662643538653239316536646635313332613866
30633230646133353666383430653662383431396165656239373036663466343861363432656364
39643838623033393965643633336563336663646161623164646337343835303333333430663338
64666135666163383936653634373238323735366262643638623936333838346537383133316133
62616630623165373733306338663432623564646237656164303834646564376436373235363037
38303664386566383163613039346162633231323361616366616265343130336166306164363630
38623462343166383532666536666261373438356637383561343336323361303732306663306266
64313262616537326265653137646538383364653462653832613838356539353565
