$ANSIBLE_VAULT;1.1;AES256
62326338623330613436613366626531623539623636346161356532613237393937353037313961
3761636630623434383632653662303539326632316166660a313466306330626336313466616162
34376263313735386232373165623831316666323338666162346533383134666631656264306363
3939393766353736370a356166373436333234343737343862356562313962633161613035363164
33366339323933353463393631333932623065633363386234626630353263326230356166366161
65363436323363373561393936363739346537323465656663633437303930323032306261643265
64303261323336343931303739353733313962383139636435356266623063653730633035303330
37383939636230316564653531623934316537353263346664616133333062626161336337336432
31646662636231393431323463386238346565333832393365666264353337323034653233303463
66323966636435363763633136323738316430623038386235616562653734376331616138326634
39386362353565643933393134643334646136666333646136313966363063663830313235336638
33326134396237633730353535356531633334626562333733323434623561383437333432353665
66363536386166343566393263333836383438613336326430333232653564393865636266313235
33643261616633383133363534393561306336373935656333656534393539363334336431636137
35393230396331343966323034326162343539396161353664376633633030643933366238303432
61663464396439656433333130376639353739336466653132373830373234393039386463323039
32653535643834646566316461366661333033336461636137343261653539626333303866306438
63356262356235333333633734353536383966393064623165323036373864663836386437643831
30623630343731633566633330646364303766396664313331376338336537363137333763316262
64353534333338386434626335376361323365663937383934326539613563653961613362333232
38653062303030663335663537646133303062613265666530303134623139363336633634366661
65383538653266383238386564626534366338663936356465643665656261656664663765376563
37393434306237313537343830616334363138613736653833646138356163343366323638663334
65386431373434366437333635626364666561326363616664383130313166396136366363383661
39336139666338383161333535376365653739623734333437333039623362383834363464393337
36323136663461333634313633366562363562323864613037666631353134643735396538613235
32353064393564656336346564653238373761383664653033323065396265326139383830623438
33346365313039336134663762363339663237336433663464363636663335383562303533633435
64393262656238396636663761663630393135316465373039636436396434303337
