$ANSIBLE_VAULT;1.1;AES256
64346232393862373766376661323862646465643731343137613230613331373065623464363734
3034363562616365613536393063303937333761643663630a343664333765663538383534396463
65343463326439313265383364353866306261386137643930313937373433393933376563656661
3361336565396438380a646131643365656461656134373266393263653861356436393666303861
32313239373131663339393638613164333937373639393333396265316335613930343937326666
66383533366132303738303230613635616330626439333765356463366363326435613032373137
39376364326230663363626235343335346134343530316630646234326665356330346636393038
33313737626332386237316464313635396534306662353631323630643661303432323237313133
66653138613534386132353366626662323666363130346164653538393133363238626430613738
33336539303963616466366233656264633731333166323964616232393965303563363864333065
32343765653434396564323335343838663931336234646634356665636361356230306366643631
35353964353431396233626664363831303830363532333265343337353430346434303632393462
62393835643235386462366161393531313430633066623165626135383164643235633166613636
38356264303535383861356362303839616336383738303037336666353034613130396138323930
35643266366663346231326238383430326531333864633133666461636638353139393164316339
61646132353238353565376132336638363137353238393831626132666164373533636231393166
66306133306135303365663063323039313532323438623536653834323062313066666532346161
65333230633430323132303533383438393231386365396635646536646164313766663536366434
34653139626164326531396239396230356232633439376231623937613639363161356465613139
39373731333762656430363134633134633335313734666463653632333666366330336636653366
65376336353032343465356339356665616634396163376437613133333831383037353036393732
65636131336439633930353735373731363235336130633663643364653536333837613161396465
31316531316431643231353632376266373233323466353934386438363234653262646337356239
65313461666339346362306437323232656265633635303866306238323762653536326437343365
63313431646264633163326232333732623062326232643765396362373139303837316634643638
38656432643139323562306638643130333931396366616464396432616236666438623630343861
35666539636238383861323230653038343933636235366566653636363366336639613234363037
35363831323034643737323064646565343634663531343034383863393535306561653938623636
33333564616130386634393635386138626561626439353263663839353466393534
