$ANSIBLE_VAULT;1.1;AES256
63353364356632343935326331663239363236666139363466323066346261303462353337316664
3565316338616430346631396265393266623937623466310a623034623537313661613837663837
31323262653931336534346535633336663164626465316163626637646162336433656139613563
6364373864363630360a303063636565306238626639313166343438653032343632613561376663
64326136626134336663636165353538653032326233396263396635623065646632663164303565
39613338653839326334303136326639336234643838363466613462333739623562626264306637
38343361333038623634343863343738393635656535323530653463323261333131356435643035
62616361633430343837333137366533653932613938656239626634323265303765363839306162
38396439643830383038386663356432636437323365396430303535336263623965636234323633
64316565336137336235623261666666653835616266326564323537633038333062353937373263
34643232363064643564633037363534363335303161333064633038353036313361353231376132
32646237306235343562663437616533393865346538323131653965383166396461363535373534
30646333353739636631663532663761356563353563336433303334323037366436346132386462
31636432356335653766616366656661353837393565623366613936393832626231663937643836
65613161333165336635313364393030383735383639396465646230316130313534663735626433
64613030653831393739653837313532363537313366663834363438393861346630386464356134
61613766626535653331333263353665376337646434643231613531393133666636396231373535
65343566396635356437326137353739643539636237666533396231633133313937306135323863
31356462653239623264623965313937626461363737326566333932646164326563626635333665
37306537653437663431663161333232623634623238333330343864303932323364363534373732
3866
