$ANSIBLE_VAULT;1.1;AES256
66386537343836623064656630633033356133653930303864633766353035343363373965346537
3930333761666363396234313534663132356163373733660a313835363534626637653833656332
65376530623963663561646634373732326134363065616337656230373430346663623539396535
6564343234386638660a386465373863633931616636343963613837363939643236636534633663
64333031363562343436303261656438386335383462356238663565646638656365303232383861
61626133393236613065636332363330663165326431343333336265313939326664393636343561
36656465616332356131643535313664613739346537653862633865316634666430623261643134
62303862383833303238323262323863626439373435616533353362653632326664383963376463
35366630323034303931383130353763653463323232383862386331613730336466373962643139
61643065356336626136386135383933643636666530386436666265633838313462333231623362
35323765346639316365386362373430643533333930343733373262326361633661633063633336
36646639326565633533363837616364613465333334633535636564616465303539346139623537
64393163386233633931623839336437346535303033653962376534323434386261343464356139
65663332386232616639666631613734373437333636356664613334633039366462396463653736
32633431313339373132383332666538636666633733306365373834366238323733353138653439
64393839393336373061353237353935336230306132646561663064386434336134623863323336
65643331613631613430363930316134663234663738313433316237316238303065663565663964
30616236383733663239326437343138666334353363663465313662393632306561396534626634
63306430323333336564623630336635333663363638373165616237303439613732376636393935
39376634623233663232633166323061326535306235383866393137313966623463393730626233
6261
