$ANSIBLE_VAULT;1.1;AES256
64383466376631333538666331353539386134623564633938373666336434326138363066336539
6434663634393733643463393835396265626630666337370a333939373265343763633033303037
33636437633662346538336539366532353963306638656135393236333631643430326166373632
6262373064373337310a376538656236396666346433336166303335613736626237643865363338
30363031656238626365363031326638353733636132336139303564666137336130643462393465
32316231633335626437356236323636356137376334346464666634383062663663326638366336
31373937313735613531663936373939303832646331323234383833333663386462303130386563
38663835373230666439366135326635323638666461363961386233636637656538616566643361
32356562363862353034613338376538306231366365373437653638636431633939653236396138
61636161323537306436323034326366356465333635323236346632633133353939623861613833
34336635623239636330393734306661343731306439373666336162316465353537376330393563
31656438613064376664323863613165336166393337643666353765393633346563346538396331
31663930323666386664346134653735333765333661353235613930376632633130353465306236
62653166303065356239616664373164346135323963616635336536393039333532666334623131
33633964353062326462623766383133366535366139623235363030616335656232316530373166
30373663356538306161306561633161393138613332633733356164313263396666363337313933
32313038656131306332336530303039373430663463316435303930636632326134373833333063
31313932613734353339383237303338323134633438376164336162346262616230373338643932
30336534316366326639346462353533623531616361363130333337396162633032663532613962
39626238383735343036666632643365333962326639363633323962653734356134353364396437
3963
