$ANSIBLE_VAULT;1.1;AES256
38306534306638303366386233393764353965303231303436373532333939613533636161396337
3238363334306333636366363632343733323436636361390a313536356231373063653832623633
66363839666534363566386239383337356634353230656431396362323764326132343730333430
6238303230396633320a336231666362653735653535303165623135313031383136313435386666
31303464383636376337333536636231343938613261616662396232303331613663623464663038
31343830336164353335613931313563666134666465356235343861393062623336626261366336
31666538313139333365333437663931613535663866396363636139633438623362363763633838
33323031363737636339363766663465313631616339363833333638383436663238626437303337
64373535373465623738316635623466653334623764313930343366343239313638636233623731
61386230376638346465366535323962636238383563383534316232323038656235396230353839
39323532626638633061393432613733363039333763656666336663613732666137336665643836
34376538386562316164663563636330323262313137623439376530306433376136373539663661
39626464336539646163346639313439343862623338386330303962363135313739633130303466
32646339313961353933313765663139663662373835333636356137396265333930613730663030
35383862333666643366626465663432623533363935356430323365376631313763393361303466
30346539316536346338393035643963326565636265313339623262616534666465303631383563
64323736336166343437343666636538656635653735646565636362646563613135616463646232
61663130623364633536323037313361323134383066383835343063323836653061396639343337
61616231313434626363373266313535363864316263343035303161376130376264373132316530
65306334643731363562393763333234633662653536353865633730346561653861393238656261
35373433333166333465343137656366393137646463643831306562306565303564
